2 1 20 1
10 1 20 1
2 2 20 1
10 2 20 1
2 3 20 1
10 3 20 1
2 4 20 1
10 4 20 1
2 5 20 1
10 5 20 1
2 6 20 1
10 6 20 1
2 7 20 1
10 7 20 1
2 8 20 1
10 8 20 1
2 9 20 1
10 9 20 1
2 10 20 1
10 10 20 1
2 11 20 1
10 11 20 1
2 12 20 1
10 12 20 1
2 13 20 1
10 13 20 1
2 14 20 1
10 14 20 1
2 15 20 1
10 15 20 1
2 16 20 1
10 16 20 1
2 17 20 1
10 17 20 1
2 18 20 1
10 18 20 1
2 19 20 1
10 19 20 1
2 20 20 1
10 20 20 1
2 21 20 1
10 21 20 1
2 22 20 1
10 22 20 1
2 23 20 1
10 23 20 1
2 24 20 1
10 24 20 1
2 25 20 1
10 25 20 1
2 26 20 1
10 26 20 1
2 27 20 1
10 27 20 1
2 28 20 1
10 28 20 1
2 29 20 1
10 29 20 1
2 30 20 1
10 30 20 1
2 31 20 1
10 31 20 1
2 32 20 1
10 32 20 1
2 33 20 1
10 33 20 1
2 34 20 1
10 34 20 1
2 35 20 1
10 35 20 1
2 36 20 1
10 36 20 1
2 37 20 1
10 37 20 1
2 38 20 1
10 38 20 1
2 39 20 1
10 39 20 1
2 40 20 1
10 40 20 1
2 41 20 1
10 41 20 1
2 42 20 1
10 42 20 1
2 43 20 1
10 43 20 1
2 44 20 1
10 44 20 1
2 45 20 1
10 45 20 1
2 46 20 1
10 46 20 1
2 47 20 1
10 47 20 1
2 48 20 1
10 48 20 1
2 49 20 1
10 49 20 1
2 50 20 1
10 50 20 1
2 51 20 1
10 51 20 1
2 52 20 1
10 52 20 1
2 53 20 1
10 53 20 1
2 54 20 1
10 54 20 1
2 55 20 1
10 55 20 1
2 56 20 1
10 56 20 1
2 57 20 1
10 57 20 1
2 58 20 1
10 58 20 1
2 59 20 1
10 59 20 1
2 60 20 1
10 60 20 1
2 61 20 1
10 61 20 1
2 62 20 1
10 62 20 1
2 63 20 1
10 63 20 1
2 64 20 1
10 64 20 1
2 65 20 1
10 65 20 1
2 66 20 1
10 66 20 1
2 67 20 1
10 67 20 1
2 68 20 1
10 68 20 1
2 69 20 1
10 69 20 1
2 70 20 1
10 70 20 1
2 71 20 1
10 71 20 1
2 72 20 1
10 72 20 1
2 73 20 1
10 73 20 1
2 74 20 1
10 74 20 1
2 75 20 1
10 75 20 1
2 76 20 1
10 76 20 1
2 77 20 1
10 77 20 1
2 78 20 1
10 78 20 1
2 79 20 1
10 79 20 1
2 80 20 1
10 80 20 1
2 81 20 1
10 81 20 1
2 82 20 1
10 82 20 1
2 83 20 1
10 83 20 1
2 84 20 1
10 84 20 1
2 85 20 1
10 85 20 1
2 86 20 1
10 86 20 1
2 87 20 1
10 87 20 1
2 88 20 1
10 88 20 1
2 89 20 1
10 89 20 1
2 90 20 1
10 90 20 1
2 91 20 1
10 91 20 1
2 92 20 1
10 92 20 1
2 93 20 1
10 93 20 1
2 94 20 1
10 94 20 1
2 95 20 1
10 95 20 1
2 96 20 1
10 96 20 1
2 97 20 1
10 97 20 1
2 98 20 1
10 98 20 1
2 99 20 1
10 99 20 1
2 100 20 1
10 100 20 1
2 1 100 1
10 1 100 1
2 2 100 1
10 2 100 1
2 3 100 1
10 3 100 1
2 4 100 1
10 4 100 1
2 5 100 1
10 5 100 1
2 6 100 1
10 6 100 1
2 7 100 1
10 7 100 1
2 8 100 1
10 8 100 1
2 9 100 1
10 9 100 1
2 10 100 1
10 10 100 1
2 11 100 1
10 11 100 1
2 12 100 1
10 12 100 1
2 13 100 1
10 13 100 1
2 14 100 1
10 14 100 1
2 15 100 1
10 15 100 1
2 16 100 1
10 16 100 1
2 17 100 1
10 17 100 1
2 18 100 1
10 18 100 1
2 19 100 1
10 19 100 1
2 20 100 1
10 20 100 1
2 21 100 1
10 21 100 1
2 22 100 1
10 22 100 1
2 23 100 1
10 23 100 1
2 24 100 1
10 24 100 1
2 25 100 1
10 25 100 1
2 26 100 1
10 26 100 1
2 27 100 1
10 27 100 1
2 28 100 1
10 28 100 1
2 29 100 1
10 29 100 1
2 30 100 1
10 30 100 1
2 31 100 1
10 31 100 1
2 32 100 1
10 32 100 1
2 33 100 1
10 33 100 1
2 34 100 1
10 34 100 1
2 35 100 1
10 35 100 1
2 36 100 1
10 36 100 1
2 37 100 1
10 37 100 1
2 38 100 1
10 38 100 1
2 39 100 1
10 39 100 1
2 40 100 1
10 40 100 1
2 41 100 1
10 41 100 1
2 42 100 1
10 42 100 1
2 43 100 1
10 43 100 1
2 44 100 1
10 44 100 1
2 45 100 1
10 45 100 1
2 46 100 1
10 46 100 1
2 47 100 1
10 47 100 1
2 48 100 1
10 48 100 1
2 49 100 1
10 49 100 1
2 50 100 1
10 50 100 1
2 51 100 1
10 51 100 1
2 52 100 1
10 52 100 1
2 53 100 1
10 53 100 1
2 54 100 1
10 54 100 1
2 55 100 1
10 55 100 1
2 56 100 1
10 56 100 1
2 57 100 1
10 57 100 1
2 58 100 1
10 58 100 1
2 59 100 1
10 59 100 1
2 60 100 1
10 60 100 1
2 61 100 1
10 61 100 1
2 62 100 1
10 62 100 1
2 63 100 1
10 63 100 1
2 64 100 1
10 64 100 1
2 65 100 1
10 65 100 1
2 66 100 1
10 66 100 1
2 67 100 1
10 67 100 1
2 68 100 1
10 68 100 1
2 69 100 1
10 69 100 1
2 70 100 1
10 70 100 1
2 71 100 1
10 71 100 1
2 72 100 1
10 72 100 1
2 73 100 1
10 73 100 1
2 74 100 1
10 74 100 1
2 75 100 1
10 75 100 1
2 76 100 1
10 76 100 1
2 77 100 1
10 77 100 1
2 78 100 1
10 78 100 1
2 79 100 1
10 79 100 1
2 80 100 1
10 80 100 1
2 81 100 1
10 81 100 1
2 82 100 1
10 82 100 1
2 83 100 1
10 83 100 1
2 84 100 1
10 84 100 1
2 85 100 1
10 85 100 1
2 86 100 1
10 86 100 1
2 87 100 1
10 87 100 1
2 88 100 1
10 88 100 1
2 89 100 1
10 89 100 1
2 90 100 1
10 90 100 1
2 91 100 1
10 91 100 1
2 92 100 1
10 92 100 1
2 93 100 1
10 93 100 1
2 94 100 1
10 94 100 1
2 95 100 1
10 95 100 1
2 96 100 1
10 96 100 1
2 97 100 1
10 97 100 1
2 98 100 1
10 98 100 1
2 99 100 1
10 99 100 1
2 100 100 1
10 100 100 1
2 1 20 5
10 1 20 5
2 2 20 5
10 2 20 5
2 3 20 5
10 3 20 5
2 4 20 5
10 4 20 5
2 5 20 5
10 5 20 5
2 6 20 5
10 6 20 5
2 7 20 5
10 7 20 5
2 8 20 5
10 8 20 5
2 9 20 5
10 9 20 5
2 10 20 5
10 10 20 5
2 11 20 5
10 11 20 5
2 12 20 5
10 12 20 5
2 13 20 5
10 13 20 5
2 14 20 5
10 14 20 5
2 15 20 5
10 15 20 5
2 16 20 5
10 16 20 5
2 17 20 5
10 17 20 5
2 18 20 5
10 18 20 5
2 19 20 5
10 19 20 5
2 20 20 5
10 20 20 5
2 21 20 5
10 21 20 5
2 22 20 5
10 22 20 5
2 23 20 5
10 23 20 5
2 24 20 5
10 24 20 5
2 25 20 5
10 25 20 5
2 26 20 5
10 26 20 5
2 27 20 5
10 27 20 5
2 28 20 5
10 28 20 5
2 29 20 5
10 29 20 5
2 30 20 5
10 30 20 5
2 31 20 5
10 31 20 5
2 32 20 5
10 32 20 5
2 33 20 5
10 33 20 5
2 34 20 5
10 34 20 5
2 35 20 5
10 35 20 5
2 36 20 5
10 36 20 5
2 37 20 5
10 37 20 5
2 38 20 5
10 38 20 5
2 39 20 5
10 39 20 5
2 40 20 5
10 40 20 5
2 41 20 5
10 41 20 5
2 42 20 5
10 42 20 5
2 43 20 5
10 43 20 5
2 44 20 5
10 44 20 5
2 45 20 5
10 45 20 5
2 46 20 5
10 46 20 5
2 47 20 5
10 47 20 5
2 48 20 5
10 48 20 5
2 49 20 5
10 49 20 5
2 50 20 5
10 50 20 5
2 51 20 5
10 51 20 5
2 52 20 5
10 52 20 5
2 53 20 5
10 53 20 5
2 54 20 5
10 54 20 5
2 55 20 5
10 55 20 5
2 56 20 5
10 56 20 5
2 57 20 5
10 57 20 5
2 58 20 5
10 58 20 5
2 59 20 5
10 59 20 5
2 60 20 5
10 60 20 5
2 61 20 5
10 61 20 5
2 62 20 5
10 62 20 5
2 63 20 5
10 63 20 5
2 64 20 5
10 64 20 5
2 65 20 5
10 65 20 5
2 66 20 5
10 66 20 5
2 67 20 5
10 67 20 5
2 68 20 5
10 68 20 5
2 69 20 5
10 69 20 5
2 70 20 5
10 70 20 5
2 71 20 5
10 71 20 5
2 72 20 5
10 72 20 5
2 73 20 5
10 73 20 5
2 74 20 5
10 74 20 5
2 75 20 5
10 75 20 5
2 76 20 5
10 76 20 5
2 77 20 5
10 77 20 5
2 78 20 5
10 78 20 5
2 79 20 5
10 79 20 5
2 80 20 5
10 80 20 5
2 81 20 5
10 81 20 5
2 82 20 5
10 82 20 5
2 83 20 5
10 83 20 5
2 84 20 5
10 84 20 5
2 85 20 5
10 85 20 5
2 86 20 5
10 86 20 5
2 87 20 5
10 87 20 5
2 88 20 5
10 88 20 5
2 89 20 5
10 89 20 5
2 90 20 5
10 90 20 5
2 91 20 5
10 91 20 5
2 92 20 5
10 92 20 5
2 93 20 5
10 93 20 5
2 94 20 5
10 94 20 5
2 95 20 5
10 95 20 5
2 96 20 5
10 96 20 5
2 97 20 5
10 97 20 5
2 98 20 5
10 98 20 5
2 99 20 5
10 99 20 5
2 100 20 5
10 100 20 5
2 1 100 5
10 1 100 5
2 2 100 5
10 2 100 5
2 3 100 5
10 3 100 5
2 4 100 5
10 4 100 5
2 5 100 5
10 5 100 5
2 6 100 5
10 6 100 5
2 7 100 5
10 7 100 5
2 8 100 5
10 8 100 5
2 9 100 5
10 9 100 5
2 10 100 5
10 10 100 5
2 11 100 5
10 11 100 5
2 12 100 5
10 12 100 5
2 13 100 5
10 13 100 5
2 14 100 5
10 14 100 5
2 15 100 5
10 15 100 5
2 16 100 5
10 16 100 5
2 17 100 5
10 17 100 5
2 18 100 5
10 18 100 5
2 19 100 5
10 19 100 5
2 20 100 5
10 20 100 5
2 21 100 5
10 21 100 5
2 22 100 5
10 22 100 5
2 23 100 5
10 23 100 5
2 24 100 5
10 24 100 5
2 25 100 5
10 25 100 5
2 26 100 5
10 26 100 5
2 27 100 5
10 27 100 5
2 28 100 5
10 28 100 5
2 29 100 5
10 29 100 5
2 30 100 5
10 30 100 5
2 31 100 5
10 31 100 5
2 32 100 5
10 32 100 5
2 33 100 5
10 33 100 5
2 34 100 5
10 34 100 5
2 35 100 5
10 35 100 5
2 36 100 5
10 36 100 5
2 37 100 5
10 37 100 5
2 38 100 5
10 38 100 5
2 39 100 5
10 39 100 5
2 40 100 5
10 40 100 5
2 41 100 5
10 41 100 5
2 42 100 5
10 42 100 5
2 43 100 5
10 43 100 5
2 44 100 5
10 44 100 5
2 45 100 5
10 45 100 5
2 46 100 5
10 46 100 5
2 47 100 5
10 47 100 5
2 48 100 5
10 48 100 5
2 49 100 5
10 49 100 5
2 50 100 5
10 50 100 5
2 51 100 5
10 51 100 5
2 52 100 5
10 52 100 5
2 53 100 5
10 53 100 5
2 54 100 5
10 54 100 5
2 55 100 5
10 55 100 5
2 56 100 5
10 56 100 5
2 57 100 5
10 57 100 5
2 58 100 5
10 58 100 5
2 59 100 5
10 59 100 5
2 60 100 5
10 60 100 5
2 61 100 5
10 61 100 5
2 62 100 5
10 62 100 5
2 63 100 5
10 63 100 5
2 64 100 5
10 64 100 5
2 65 100 5
10 65 100 5
2 66 100 5
10 66 100 5
2 67 100 5
10 67 100 5
2 68 100 5
10 68 100 5
2 69 100 5
10 69 100 5
2 70 100 5
10 70 100 5
2 71 100 5
10 71 100 5
2 72 100 5
10 72 100 5
2 73 100 5
10 73 100 5
2 74 100 5
10 74 100 5
2 75 100 5
10 75 100 5
2 76 100 5
10 76 100 5
2 77 100 5
10 77 100 5
2 78 100 5
10 78 100 5
2 79 100 5
10 79 100 5
2 80 100 5
10 80 100 5
2 81 100 5
10 81 100 5
2 82 100 5
10 82 100 5
2 83 100 5
10 83 100 5
2 84 100 5
10 84 100 5
2 85 100 5
10 85 100 5
2 86 100 5
10 86 100 5
2 87 100 5
10 87 100 5
2 88 100 5
10 88 100 5
2 89 100 5
10 89 100 5
2 90 100 5
10 90 100 5
2 91 100 5
10 91 100 5
2 92 100 5
10 92 100 5
2 93 100 5
10 93 100 5
2 94 100 5
10 94 100 5
2 95 100 5
10 95 100 5
2 96 100 5
10 96 100 5
2 97 100 5
10 97 100 5
2 98 100 5
10 98 100 5
2 99 100 5
10 99 100 5
2 100 100 5
10 100 100 5
