1 MIXIRT 1 0.01 0.9 0.01 28 3 0
1 MIXIRT 5 0.01 0.9 0.01 28 3 0
1 MIXIRT 10 0.01 0.9 0.01 28 3 0
1 MIXIRT 1 0.01 0.9 0.01 110 10 0
1 MIXIRT 5 0.01 0.9 0.01 110 10 0
1 MIXIRT 10 0.01 0.9 0.01 110 10 0
2 MIXIRT 1 0.01 0.9 0.01 28 3 0
2 MIXIRT 5 0.01 0.9 0.01 28 3 0
2 MIXIRT 10 0.01 0.9 0.01 28 3 0
2 MIXIRT 1 0.01 0.9 0.01 110 10 0
2 MIXIRT 5 0.01 0.9 0.01 110 10 0
2 MIXIRT 10 0.01 0.9 0.01 110 10 0
3 MIXIRT 1 0.01 0.9 0.01 28 3 0
3 MIXIRT 5 0.01 0.9 0.01 28 3 0
3 MIXIRT 10 0.01 0.9 0.01 28 3 0
3 MIXIRT 1 0.01 0.9 0.01 110 10 0
3 MIXIRT 5 0.01 0.9 0.01 110 10 0
3 MIXIRT 10 0.01 0.9 0.01 110 10 0
4 MIXIRT 1 0.01 0.9 0.01 28 3 0
4 MIXIRT 5 0.01 0.9 0.01 28 3 0
4 MIXIRT 10 0.01 0.9 0.01 28 3 0
4 MIXIRT 1 0.01 0.9 0.01 110 10 0
4 MIXIRT 5 0.01 0.9 0.01 110 10 0
4 MIXIRT 10 0.01 0.9 0.01 110 10 0
5 MIXIRT 1 0.01 0.9 0.01 28 3 0
5 MIXIRT 5 0.01 0.9 0.01 28 3 0
5 MIXIRT 10 0.01 0.9 0.01 28 3 0
5 MIXIRT 1 0.01 0.9 0.01 110 10 0
5 MIXIRT 5 0.01 0.9 0.01 110 10 0
5 MIXIRT 10 0.01 0.9 0.01 110 10 0
6 MIXIRT 1 0.01 0.9 0.01 28 3 0
6 MIXIRT 5 0.01 0.9 0.01 28 3 0
6 MIXIRT 10 0.01 0.9 0.01 28 3 0
6 MIXIRT 1 0.01 0.9 0.01 110 10 0
6 MIXIRT 5 0.01 0.9 0.01 110 10 0
6 MIXIRT 10 0.01 0.9 0.01 110 10 0
7 MIXIRT 1 0.01 0.9 0.01 28 3 0
7 MIXIRT 5 0.01 0.9 0.01 28 3 0
7 MIXIRT 10 0.01 0.9 0.01 28 3 0
7 MIXIRT 1 0.01 0.9 0.01 110 10 0
7 MIXIRT 5 0.01 0.9 0.01 110 10 0
7 MIXIRT 10 0.01 0.9 0.01 110 10 0
8 MIXIRT 1 0.01 0.9 0.01 28 3 0
8 MIXIRT 5 0.01 0.9 0.01 28 3 0
8 MIXIRT 10 0.01 0.9 0.01 28 3 0
8 MIXIRT 1 0.01 0.9 0.01 110 10 0
8 MIXIRT 5 0.01 0.9 0.01 110 10 0
8 MIXIRT 10 0.01 0.9 0.01 110 10 0
9 MIXIRT 1 0.01 0.9 0.01 28 3 0
9 MIXIRT 5 0.01 0.9 0.01 28 3 0
9 MIXIRT 10 0.01 0.9 0.01 28 3 0
9 MIXIRT 1 0.01 0.9 0.01 110 10 0
9 MIXIRT 5 0.01 0.9 0.01 110 10 0
9 MIXIRT 10 0.01 0.9 0.01 110 10 0
10 MIXIRT 1 0.01 0.9 0.01 28 3 0
10 MIXIRT 5 0.01 0.9 0.01 28 3 0
10 MIXIRT 10 0.01 0.9 0.01 28 3 0
10 MIXIRT 1 0.01 0.9 0.01 110 10 0
10 MIXIRT 5 0.01 0.9 0.01 110 10 0
10 MIXIRT 10 0.01 0.9 0.01 110 10 0
11 MIXIRT 1 0.01 0.9 0.01 28 3 0
11 MIXIRT 5 0.01 0.9 0.01 28 3 0
11 MIXIRT 10 0.01 0.9 0.01 28 3 0
11 MIXIRT 1 0.01 0.9 0.01 110 10 0
11 MIXIRT 5 0.01 0.9 0.01 110 10 0
11 MIXIRT 10 0.01 0.9 0.01 110 10 0
12 MIXIRT 1 0.01 0.9 0.01 28 3 0
12 MIXIRT 5 0.01 0.9 0.01 28 3 0
12 MIXIRT 10 0.01 0.9 0.01 28 3 0
12 MIXIRT 1 0.01 0.9 0.01 110 10 0
12 MIXIRT 5 0.01 0.9 0.01 110 10 0
12 MIXIRT 10 0.01 0.9 0.01 110 10 0
13 MIXIRT 1 0.01 0.9 0.01 28 3 0
13 MIXIRT 5 0.01 0.9 0.01 28 3 0
13 MIXIRT 10 0.01 0.9 0.01 28 3 0
13 MIXIRT 1 0.01 0.9 0.01 110 10 0
13 MIXIRT 5 0.01 0.9 0.01 110 10 0
13 MIXIRT 10 0.01 0.9 0.01 110 10 0
14 MIXIRT 1 0.01 0.9 0.01 28 3 0
14 MIXIRT 5 0.01 0.9 0.01 28 3 0
14 MIXIRT 10 0.01 0.9 0.01 28 3 0
14 MIXIRT 1 0.01 0.9 0.01 110 10 0
14 MIXIRT 5 0.01 0.9 0.01 110 10 0
14 MIXIRT 10 0.01 0.9 0.01 110 10 0
15 MIXIRT 1 0.01 0.9 0.01 28 3 0
15 MIXIRT 5 0.01 0.9 0.01 28 3 0
15 MIXIRT 10 0.01 0.9 0.01 28 3 0
15 MIXIRT 1 0.01 0.9 0.01 110 10 0
15 MIXIRT 5 0.01 0.9 0.01 110 10 0
15 MIXIRT 10 0.01 0.9 0.01 110 10 0
16 MIXIRT 1 0.01 0.9 0.01 28 3 0
16 MIXIRT 5 0.01 0.9 0.01 28 3 0
16 MIXIRT 10 0.01 0.9 0.01 28 3 0
16 MIXIRT 1 0.01 0.9 0.01 110 10 0
16 MIXIRT 5 0.01 0.9 0.01 110 10 0
16 MIXIRT 10 0.01 0.9 0.01 110 10 0
17 MIXIRT 1 0.01 0.9 0.01 28 3 0
17 MIXIRT 5 0.01 0.9 0.01 28 3 0
17 MIXIRT 10 0.01 0.9 0.01 28 3 0
17 MIXIRT 1 0.01 0.9 0.01 110 10 0
17 MIXIRT 5 0.01 0.9 0.01 110 10 0
17 MIXIRT 10 0.01 0.9 0.01 110 10 0
18 MIXIRT 1 0.01 0.9 0.01 28 3 0
18 MIXIRT 5 0.01 0.9 0.01 28 3 0
18 MIXIRT 10 0.01 0.9 0.01 28 3 0
18 MIXIRT 1 0.01 0.9 0.01 110 10 0
18 MIXIRT 5 0.01 0.9 0.01 110 10 0
18 MIXIRT 10 0.01 0.9 0.01 110 10 0
19 MIXIRT 1 0.01 0.9 0.01 28 3 0
19 MIXIRT 5 0.01 0.9 0.01 28 3 0
19 MIXIRT 10 0.01 0.9 0.01 28 3 0
19 MIXIRT 1 0.01 0.9 0.01 110 10 0
19 MIXIRT 5 0.01 0.9 0.01 110 10 0
19 MIXIRT 10 0.01 0.9 0.01 110 10 0
20 MIXIRT 1 0.01 0.9 0.01 28 3 0
20 MIXIRT 5 0.01 0.9 0.01 28 3 0
20 MIXIRT 10 0.01 0.9 0.01 28 3 0
20 MIXIRT 1 0.01 0.9 0.01 110 10 0
20 MIXIRT 5 0.01 0.9 0.01 110 10 0
20 MIXIRT 10 0.01 0.9 0.01 110 10 0
21 MIXIRT 1 0.01 0.9 0.01 28 3 0
21 MIXIRT 5 0.01 0.9 0.01 28 3 0
21 MIXIRT 10 0.01 0.9 0.01 28 3 0
21 MIXIRT 1 0.01 0.9 0.01 110 10 0
21 MIXIRT 5 0.01 0.9 0.01 110 10 0
21 MIXIRT 10 0.01 0.9 0.01 110 10 0
22 MIXIRT 1 0.01 0.9 0.01 28 3 0
22 MIXIRT 5 0.01 0.9 0.01 28 3 0
22 MIXIRT 10 0.01 0.9 0.01 28 3 0
22 MIXIRT 1 0.01 0.9 0.01 110 10 0
22 MIXIRT 5 0.01 0.9 0.01 110 10 0
22 MIXIRT 10 0.01 0.9 0.01 110 10 0
23 MIXIRT 1 0.01 0.9 0.01 28 3 0
23 MIXIRT 5 0.01 0.9 0.01 28 3 0
23 MIXIRT 10 0.01 0.9 0.01 28 3 0
23 MIXIRT 1 0.01 0.9 0.01 110 10 0
23 MIXIRT 5 0.01 0.9 0.01 110 10 0
23 MIXIRT 10 0.01 0.9 0.01 110 10 0
24 MIXIRT 1 0.01 0.9 0.01 28 3 0
24 MIXIRT 5 0.01 0.9 0.01 28 3 0
24 MIXIRT 10 0.01 0.9 0.01 28 3 0
24 MIXIRT 1 0.01 0.9 0.01 110 10 0
24 MIXIRT 5 0.01 0.9 0.01 110 10 0
24 MIXIRT 10 0.01 0.9 0.01 110 10 0
25 MIXIRT 1 0.01 0.9 0.01 28 3 0
25 MIXIRT 5 0.01 0.9 0.01 28 3 0
25 MIXIRT 10 0.01 0.9 0.01 28 3 0
25 MIXIRT 1 0.01 0.9 0.01 110 10 0
25 MIXIRT 5 0.01 0.9 0.01 110 10 0
25 MIXIRT 10 0.01 0.9 0.01 110 10 0
26 MIXIRT 1 0.01 0.9 0.01 28 3 0
26 MIXIRT 5 0.01 0.9 0.01 28 3 0
26 MIXIRT 10 0.01 0.9 0.01 28 3 0
26 MIXIRT 1 0.01 0.9 0.01 110 10 0
26 MIXIRT 5 0.01 0.9 0.01 110 10 0
26 MIXIRT 10 0.01 0.9 0.01 110 10 0
27 MIXIRT 1 0.01 0.9 0.01 28 3 0
27 MIXIRT 5 0.01 0.9 0.01 28 3 0
27 MIXIRT 10 0.01 0.9 0.01 28 3 0
27 MIXIRT 1 0.01 0.9 0.01 110 10 0
27 MIXIRT 5 0.01 0.9 0.01 110 10 0
27 MIXIRT 10 0.01 0.9 0.01 110 10 0
28 MIXIRT 1 0.01 0.9 0.01 28 3 0
28 MIXIRT 5 0.01 0.9 0.01 28 3 0
28 MIXIRT 10 0.01 0.9 0.01 28 3 0
28 MIXIRT 1 0.01 0.9 0.01 110 10 0
28 MIXIRT 5 0.01 0.9 0.01 110 10 0
28 MIXIRT 10 0.01 0.9 0.01 110 10 0
29 MIXIRT 1 0.01 0.9 0.01 28 3 0
29 MIXIRT 5 0.01 0.9 0.01 28 3 0
29 MIXIRT 10 0.01 0.9 0.01 28 3 0
29 MIXIRT 1 0.01 0.9 0.01 110 10 0
29 MIXIRT 5 0.01 0.9 0.01 110 10 0
29 MIXIRT 10 0.01 0.9 0.01 110 10 0
30 MIXIRT 1 0.01 0.9 0.01 28 3 0
30 MIXIRT 5 0.01 0.9 0.01 28 3 0
30 MIXIRT 10 0.01 0.9 0.01 28 3 0
30 MIXIRT 1 0.01 0.9 0.01 110 10 0
30 MIXIRT 5 0.01 0.9 0.01 110 10 0
30 MIXIRT 10 0.01 0.9 0.01 110 10 0
31 MIXIRT 1 0.01 0.9 0.01 28 3 0
31 MIXIRT 5 0.01 0.9 0.01 28 3 0
31 MIXIRT 10 0.01 0.9 0.01 28 3 0
31 MIXIRT 1 0.01 0.9 0.01 110 10 0
31 MIXIRT 5 0.01 0.9 0.01 110 10 0
31 MIXIRT 10 0.01 0.9 0.01 110 10 0
32 MIXIRT 1 0.01 0.9 0.01 28 3 0
32 MIXIRT 5 0.01 0.9 0.01 28 3 0
32 MIXIRT 10 0.01 0.9 0.01 28 3 0
32 MIXIRT 1 0.01 0.9 0.01 110 10 0
32 MIXIRT 5 0.01 0.9 0.01 110 10 0
32 MIXIRT 10 0.01 0.9 0.01 110 10 0
33 MIXIRT 1 0.01 0.9 0.01 28 3 0
33 MIXIRT 5 0.01 0.9 0.01 28 3 0
33 MIXIRT 10 0.01 0.9 0.01 28 3 0
33 MIXIRT 1 0.01 0.9 0.01 110 10 0
33 MIXIRT 5 0.01 0.9 0.01 110 10 0
33 MIXIRT 10 0.01 0.9 0.01 110 10 0
34 MIXIRT 1 0.01 0.9 0.01 28 3 0
34 MIXIRT 5 0.01 0.9 0.01 28 3 0
34 MIXIRT 10 0.01 0.9 0.01 28 3 0
34 MIXIRT 1 0.01 0.9 0.01 110 10 0
34 MIXIRT 5 0.01 0.9 0.01 110 10 0
34 MIXIRT 10 0.01 0.9 0.01 110 10 0
35 MIXIRT 1 0.01 0.9 0.01 28 3 0
35 MIXIRT 5 0.01 0.9 0.01 28 3 0
35 MIXIRT 10 0.01 0.9 0.01 28 3 0
35 MIXIRT 1 0.01 0.9 0.01 110 10 0
35 MIXIRT 5 0.01 0.9 0.01 110 10 0
35 MIXIRT 10 0.01 0.9 0.01 110 10 0
36 MIXIRT 1 0.01 0.9 0.01 28 3 0
36 MIXIRT 5 0.01 0.9 0.01 28 3 0
36 MIXIRT 10 0.01 0.9 0.01 28 3 0
36 MIXIRT 1 0.01 0.9 0.01 110 10 0
36 MIXIRT 5 0.01 0.9 0.01 110 10 0
36 MIXIRT 10 0.01 0.9 0.01 110 10 0
37 MIXIRT 1 0.01 0.9 0.01 28 3 0
37 MIXIRT 5 0.01 0.9 0.01 28 3 0
37 MIXIRT 10 0.01 0.9 0.01 28 3 0
37 MIXIRT 1 0.01 0.9 0.01 110 10 0
37 MIXIRT 5 0.01 0.9 0.01 110 10 0
37 MIXIRT 10 0.01 0.9 0.01 110 10 0
38 MIXIRT 1 0.01 0.9 0.01 28 3 0
38 MIXIRT 5 0.01 0.9 0.01 28 3 0
38 MIXIRT 10 0.01 0.9 0.01 28 3 0
38 MIXIRT 1 0.01 0.9 0.01 110 10 0
38 MIXIRT 5 0.01 0.9 0.01 110 10 0
38 MIXIRT 10 0.01 0.9 0.01 110 10 0
39 MIXIRT 1 0.01 0.9 0.01 28 3 0
39 MIXIRT 5 0.01 0.9 0.01 28 3 0
39 MIXIRT 10 0.01 0.9 0.01 28 3 0
39 MIXIRT 1 0.01 0.9 0.01 110 10 0
39 MIXIRT 5 0.01 0.9 0.01 110 10 0
39 MIXIRT 10 0.01 0.9 0.01 110 10 0
40 MIXIRT 1 0.01 0.9 0.01 28 3 0
40 MIXIRT 5 0.01 0.9 0.01 28 3 0
40 MIXIRT 10 0.01 0.9 0.01 28 3 0
40 MIXIRT 1 0.01 0.9 0.01 110 10 0
40 MIXIRT 5 0.01 0.9 0.01 110 10 0
40 MIXIRT 10 0.01 0.9 0.01 110 10 0
41 MIXIRT 1 0.01 0.9 0.01 28 3 0
41 MIXIRT 5 0.01 0.9 0.01 28 3 0
41 MIXIRT 10 0.01 0.9 0.01 28 3 0
41 MIXIRT 1 0.01 0.9 0.01 110 10 0
41 MIXIRT 5 0.01 0.9 0.01 110 10 0
41 MIXIRT 10 0.01 0.9 0.01 110 10 0
42 MIXIRT 1 0.01 0.9 0.01 28 3 0
42 MIXIRT 5 0.01 0.9 0.01 28 3 0
42 MIXIRT 10 0.01 0.9 0.01 28 3 0
42 MIXIRT 1 0.01 0.9 0.01 110 10 0
42 MIXIRT 5 0.01 0.9 0.01 110 10 0
42 MIXIRT 10 0.01 0.9 0.01 110 10 0
43 MIXIRT 1 0.01 0.9 0.01 28 3 0
43 MIXIRT 5 0.01 0.9 0.01 28 3 0
43 MIXIRT 10 0.01 0.9 0.01 28 3 0
43 MIXIRT 1 0.01 0.9 0.01 110 10 0
43 MIXIRT 5 0.01 0.9 0.01 110 10 0
43 MIXIRT 10 0.01 0.9 0.01 110 10 0
44 MIXIRT 1 0.01 0.9 0.01 28 3 0
44 MIXIRT 5 0.01 0.9 0.01 28 3 0
44 MIXIRT 10 0.01 0.9 0.01 28 3 0
44 MIXIRT 1 0.01 0.9 0.01 110 10 0
44 MIXIRT 5 0.01 0.9 0.01 110 10 0
44 MIXIRT 10 0.01 0.9 0.01 110 10 0
45 MIXIRT 1 0.01 0.9 0.01 28 3 0
45 MIXIRT 5 0.01 0.9 0.01 28 3 0
45 MIXIRT 10 0.01 0.9 0.01 28 3 0
45 MIXIRT 1 0.01 0.9 0.01 110 10 0
45 MIXIRT 5 0.01 0.9 0.01 110 10 0
45 MIXIRT 10 0.01 0.9 0.01 110 10 0
46 MIXIRT 1 0.01 0.9 0.01 28 3 0
46 MIXIRT 5 0.01 0.9 0.01 28 3 0
46 MIXIRT 10 0.01 0.9 0.01 28 3 0
46 MIXIRT 1 0.01 0.9 0.01 110 10 0
46 MIXIRT 5 0.01 0.9 0.01 110 10 0
46 MIXIRT 10 0.01 0.9 0.01 110 10 0
47 MIXIRT 1 0.01 0.9 0.01 28 3 0
47 MIXIRT 5 0.01 0.9 0.01 28 3 0
47 MIXIRT 10 0.01 0.9 0.01 28 3 0
47 MIXIRT 1 0.01 0.9 0.01 110 10 0
47 MIXIRT 5 0.01 0.9 0.01 110 10 0
47 MIXIRT 10 0.01 0.9 0.01 110 10 0
48 MIXIRT 1 0.01 0.9 0.01 28 3 0
48 MIXIRT 5 0.01 0.9 0.01 28 3 0
48 MIXIRT 10 0.01 0.9 0.01 28 3 0
48 MIXIRT 1 0.01 0.9 0.01 110 10 0
48 MIXIRT 5 0.01 0.9 0.01 110 10 0
48 MIXIRT 10 0.01 0.9 0.01 110 10 0
49 MIXIRT 1 0.01 0.9 0.01 28 3 0
49 MIXIRT 5 0.01 0.9 0.01 28 3 0
49 MIXIRT 10 0.01 0.9 0.01 28 3 0
49 MIXIRT 1 0.01 0.9 0.01 110 10 0
49 MIXIRT 5 0.01 0.9 0.01 110 10 0
49 MIXIRT 10 0.01 0.9 0.01 110 10 0
50 MIXIRT 1 0.01 0.9 0.01 28 3 0
50 MIXIRT 5 0.01 0.9 0.01 28 3 0
50 MIXIRT 10 0.01 0.9 0.01 28 3 0
50 MIXIRT 1 0.01 0.9 0.01 110 10 0
50 MIXIRT 5 0.01 0.9 0.01 110 10 0
50 MIXIRT 10 0.01 0.9 0.01 110 10 0
51 MIXIRT 1 0.01 0.9 0.01 28 3 0
51 MIXIRT 5 0.01 0.9 0.01 28 3 0
51 MIXIRT 10 0.01 0.9 0.01 28 3 0
51 MIXIRT 1 0.01 0.9 0.01 110 10 0
51 MIXIRT 5 0.01 0.9 0.01 110 10 0
51 MIXIRT 10 0.01 0.9 0.01 110 10 0
52 MIXIRT 1 0.01 0.9 0.01 28 3 0
52 MIXIRT 5 0.01 0.9 0.01 28 3 0
52 MIXIRT 10 0.01 0.9 0.01 28 3 0
52 MIXIRT 1 0.01 0.9 0.01 110 10 0
52 MIXIRT 5 0.01 0.9 0.01 110 10 0
52 MIXIRT 10 0.01 0.9 0.01 110 10 0
53 MIXIRT 1 0.01 0.9 0.01 28 3 0
53 MIXIRT 5 0.01 0.9 0.01 28 3 0
53 MIXIRT 10 0.01 0.9 0.01 28 3 0
53 MIXIRT 1 0.01 0.9 0.01 110 10 0
53 MIXIRT 5 0.01 0.9 0.01 110 10 0
53 MIXIRT 10 0.01 0.9 0.01 110 10 0
54 MIXIRT 1 0.01 0.9 0.01 28 3 0
54 MIXIRT 5 0.01 0.9 0.01 28 3 0
54 MIXIRT 10 0.01 0.9 0.01 28 3 0
54 MIXIRT 1 0.01 0.9 0.01 110 10 0
54 MIXIRT 5 0.01 0.9 0.01 110 10 0
54 MIXIRT 10 0.01 0.9 0.01 110 10 0
55 MIXIRT 1 0.01 0.9 0.01 28 3 0
55 MIXIRT 5 0.01 0.9 0.01 28 3 0
55 MIXIRT 10 0.01 0.9 0.01 28 3 0
55 MIXIRT 1 0.01 0.9 0.01 110 10 0
55 MIXIRT 5 0.01 0.9 0.01 110 10 0
55 MIXIRT 10 0.01 0.9 0.01 110 10 0
56 MIXIRT 1 0.01 0.9 0.01 28 3 0
56 MIXIRT 5 0.01 0.9 0.01 28 3 0
56 MIXIRT 10 0.01 0.9 0.01 28 3 0
56 MIXIRT 1 0.01 0.9 0.01 110 10 0
56 MIXIRT 5 0.01 0.9 0.01 110 10 0
56 MIXIRT 10 0.01 0.9 0.01 110 10 0
57 MIXIRT 1 0.01 0.9 0.01 28 3 0
57 MIXIRT 5 0.01 0.9 0.01 28 3 0
57 MIXIRT 10 0.01 0.9 0.01 28 3 0
57 MIXIRT 1 0.01 0.9 0.01 110 10 0
57 MIXIRT 5 0.01 0.9 0.01 110 10 0
57 MIXIRT 10 0.01 0.9 0.01 110 10 0
58 MIXIRT 1 0.01 0.9 0.01 28 3 0
58 MIXIRT 5 0.01 0.9 0.01 28 3 0
58 MIXIRT 10 0.01 0.9 0.01 28 3 0
58 MIXIRT 1 0.01 0.9 0.01 110 10 0
58 MIXIRT 5 0.01 0.9 0.01 110 10 0
58 MIXIRT 10 0.01 0.9 0.01 110 10 0
59 MIXIRT 1 0.01 0.9 0.01 28 3 0
59 MIXIRT 5 0.01 0.9 0.01 28 3 0
59 MIXIRT 10 0.01 0.9 0.01 28 3 0
59 MIXIRT 1 0.01 0.9 0.01 110 10 0
59 MIXIRT 5 0.01 0.9 0.01 110 10 0
59 MIXIRT 10 0.01 0.9 0.01 110 10 0
60 MIXIRT 1 0.01 0.9 0.01 28 3 0
60 MIXIRT 5 0.01 0.9 0.01 28 3 0
60 MIXIRT 10 0.01 0.9 0.01 28 3 0
60 MIXIRT 1 0.01 0.9 0.01 110 10 0
60 MIXIRT 5 0.01 0.9 0.01 110 10 0
60 MIXIRT 10 0.01 0.9 0.01 110 10 0
61 MIXIRT 1 0.01 0.9 0.01 28 3 0
61 MIXIRT 5 0.01 0.9 0.01 28 3 0
61 MIXIRT 10 0.01 0.9 0.01 28 3 0
61 MIXIRT 1 0.01 0.9 0.01 110 10 0
61 MIXIRT 5 0.01 0.9 0.01 110 10 0
61 MIXIRT 10 0.01 0.9 0.01 110 10 0
62 MIXIRT 1 0.01 0.9 0.01 28 3 0
62 MIXIRT 5 0.01 0.9 0.01 28 3 0
62 MIXIRT 10 0.01 0.9 0.01 28 3 0
62 MIXIRT 1 0.01 0.9 0.01 110 10 0
62 MIXIRT 5 0.01 0.9 0.01 110 10 0
62 MIXIRT 10 0.01 0.9 0.01 110 10 0
63 MIXIRT 1 0.01 0.9 0.01 28 3 0
63 MIXIRT 5 0.01 0.9 0.01 28 3 0
63 MIXIRT 10 0.01 0.9 0.01 28 3 0
63 MIXIRT 1 0.01 0.9 0.01 110 10 0
63 MIXIRT 5 0.01 0.9 0.01 110 10 0
63 MIXIRT 10 0.01 0.9 0.01 110 10 0
64 MIXIRT 1 0.01 0.9 0.01 28 3 0
64 MIXIRT 5 0.01 0.9 0.01 28 3 0
64 MIXIRT 10 0.01 0.9 0.01 28 3 0
64 MIXIRT 1 0.01 0.9 0.01 110 10 0
64 MIXIRT 5 0.01 0.9 0.01 110 10 0
64 MIXIRT 10 0.01 0.9 0.01 110 10 0
65 MIXIRT 1 0.01 0.9 0.01 28 3 0
65 MIXIRT 5 0.01 0.9 0.01 28 3 0
65 MIXIRT 10 0.01 0.9 0.01 28 3 0
65 MIXIRT 1 0.01 0.9 0.01 110 10 0
65 MIXIRT 5 0.01 0.9 0.01 110 10 0
65 MIXIRT 10 0.01 0.9 0.01 110 10 0
66 MIXIRT 1 0.01 0.9 0.01 28 3 0
66 MIXIRT 5 0.01 0.9 0.01 28 3 0
66 MIXIRT 10 0.01 0.9 0.01 28 3 0
66 MIXIRT 1 0.01 0.9 0.01 110 10 0
66 MIXIRT 5 0.01 0.9 0.01 110 10 0
66 MIXIRT 10 0.01 0.9 0.01 110 10 0
67 MIXIRT 1 0.01 0.9 0.01 28 3 0
67 MIXIRT 5 0.01 0.9 0.01 28 3 0
67 MIXIRT 10 0.01 0.9 0.01 28 3 0
67 MIXIRT 1 0.01 0.9 0.01 110 10 0
67 MIXIRT 5 0.01 0.9 0.01 110 10 0
67 MIXIRT 10 0.01 0.9 0.01 110 10 0
68 MIXIRT 1 0.01 0.9 0.01 28 3 0
68 MIXIRT 5 0.01 0.9 0.01 28 3 0
68 MIXIRT 10 0.01 0.9 0.01 28 3 0
68 MIXIRT 1 0.01 0.9 0.01 110 10 0
68 MIXIRT 5 0.01 0.9 0.01 110 10 0
68 MIXIRT 10 0.01 0.9 0.01 110 10 0
69 MIXIRT 1 0.01 0.9 0.01 28 3 0
69 MIXIRT 5 0.01 0.9 0.01 28 3 0
69 MIXIRT 10 0.01 0.9 0.01 28 3 0
69 MIXIRT 1 0.01 0.9 0.01 110 10 0
69 MIXIRT 5 0.01 0.9 0.01 110 10 0
69 MIXIRT 10 0.01 0.9 0.01 110 10 0
70 MIXIRT 1 0.01 0.9 0.01 28 3 0
70 MIXIRT 5 0.01 0.9 0.01 28 3 0
70 MIXIRT 10 0.01 0.9 0.01 28 3 0
70 MIXIRT 1 0.01 0.9 0.01 110 10 0
70 MIXIRT 5 0.01 0.9 0.01 110 10 0
70 MIXIRT 10 0.01 0.9 0.01 110 10 0
71 MIXIRT 1 0.01 0.9 0.01 28 3 0
71 MIXIRT 5 0.01 0.9 0.01 28 3 0
71 MIXIRT 10 0.01 0.9 0.01 28 3 0
71 MIXIRT 1 0.01 0.9 0.01 110 10 0
71 MIXIRT 5 0.01 0.9 0.01 110 10 0
71 MIXIRT 10 0.01 0.9 0.01 110 10 0
72 MIXIRT 1 0.01 0.9 0.01 28 3 0
72 MIXIRT 5 0.01 0.9 0.01 28 3 0
72 MIXIRT 10 0.01 0.9 0.01 28 3 0
72 MIXIRT 1 0.01 0.9 0.01 110 10 0
72 MIXIRT 5 0.01 0.9 0.01 110 10 0
72 MIXIRT 10 0.01 0.9 0.01 110 10 0
73 MIXIRT 1 0.01 0.9 0.01 28 3 0
73 MIXIRT 5 0.01 0.9 0.01 28 3 0
73 MIXIRT 10 0.01 0.9 0.01 28 3 0
73 MIXIRT 1 0.01 0.9 0.01 110 10 0
73 MIXIRT 5 0.01 0.9 0.01 110 10 0
73 MIXIRT 10 0.01 0.9 0.01 110 10 0
74 MIXIRT 1 0.01 0.9 0.01 28 3 0
74 MIXIRT 5 0.01 0.9 0.01 28 3 0
74 MIXIRT 10 0.01 0.9 0.01 28 3 0
74 MIXIRT 1 0.01 0.9 0.01 110 10 0
74 MIXIRT 5 0.01 0.9 0.01 110 10 0
74 MIXIRT 10 0.01 0.9 0.01 110 10 0
75 MIXIRT 1 0.01 0.9 0.01 28 3 0
75 MIXIRT 5 0.01 0.9 0.01 28 3 0
75 MIXIRT 10 0.01 0.9 0.01 28 3 0
75 MIXIRT 1 0.01 0.9 0.01 110 10 0
75 MIXIRT 5 0.01 0.9 0.01 110 10 0
75 MIXIRT 10 0.01 0.9 0.01 110 10 0
76 MIXIRT 1 0.01 0.9 0.01 28 3 0
76 MIXIRT 5 0.01 0.9 0.01 28 3 0
76 MIXIRT 10 0.01 0.9 0.01 28 3 0
76 MIXIRT 1 0.01 0.9 0.01 110 10 0
76 MIXIRT 5 0.01 0.9 0.01 110 10 0
76 MIXIRT 10 0.01 0.9 0.01 110 10 0
77 MIXIRT 1 0.01 0.9 0.01 28 3 0
77 MIXIRT 5 0.01 0.9 0.01 28 3 0
77 MIXIRT 10 0.01 0.9 0.01 28 3 0
77 MIXIRT 1 0.01 0.9 0.01 110 10 0
77 MIXIRT 5 0.01 0.9 0.01 110 10 0
77 MIXIRT 10 0.01 0.9 0.01 110 10 0
78 MIXIRT 1 0.01 0.9 0.01 28 3 0
78 MIXIRT 5 0.01 0.9 0.01 28 3 0
78 MIXIRT 10 0.01 0.9 0.01 28 3 0
78 MIXIRT 1 0.01 0.9 0.01 110 10 0
78 MIXIRT 5 0.01 0.9 0.01 110 10 0
78 MIXIRT 10 0.01 0.9 0.01 110 10 0
79 MIXIRT 1 0.01 0.9 0.01 28 3 0
79 MIXIRT 5 0.01 0.9 0.01 28 3 0
79 MIXIRT 10 0.01 0.9 0.01 28 3 0
79 MIXIRT 1 0.01 0.9 0.01 110 10 0
79 MIXIRT 5 0.01 0.9 0.01 110 10 0
79 MIXIRT 10 0.01 0.9 0.01 110 10 0
80 MIXIRT 1 0.01 0.9 0.01 28 3 0
80 MIXIRT 5 0.01 0.9 0.01 28 3 0
80 MIXIRT 10 0.01 0.9 0.01 28 3 0
80 MIXIRT 1 0.01 0.9 0.01 110 10 0
80 MIXIRT 5 0.01 0.9 0.01 110 10 0
80 MIXIRT 10 0.01 0.9 0.01 110 10 0
81 MIXIRT 1 0.01 0.9 0.01 28 3 0
81 MIXIRT 5 0.01 0.9 0.01 28 3 0
81 MIXIRT 10 0.01 0.9 0.01 28 3 0
81 MIXIRT 1 0.01 0.9 0.01 110 10 0
81 MIXIRT 5 0.01 0.9 0.01 110 10 0
81 MIXIRT 10 0.01 0.9 0.01 110 10 0
82 MIXIRT 1 0.01 0.9 0.01 28 3 0
82 MIXIRT 5 0.01 0.9 0.01 28 3 0
82 MIXIRT 10 0.01 0.9 0.01 28 3 0
82 MIXIRT 1 0.01 0.9 0.01 110 10 0
82 MIXIRT 5 0.01 0.9 0.01 110 10 0
82 MIXIRT 10 0.01 0.9 0.01 110 10 0
83 MIXIRT 1 0.01 0.9 0.01 28 3 0
83 MIXIRT 5 0.01 0.9 0.01 28 3 0
83 MIXIRT 10 0.01 0.9 0.01 28 3 0
83 MIXIRT 1 0.01 0.9 0.01 110 10 0
83 MIXIRT 5 0.01 0.9 0.01 110 10 0
83 MIXIRT 10 0.01 0.9 0.01 110 10 0
84 MIXIRT 1 0.01 0.9 0.01 28 3 0
84 MIXIRT 5 0.01 0.9 0.01 28 3 0
84 MIXIRT 10 0.01 0.9 0.01 28 3 0
84 MIXIRT 1 0.01 0.9 0.01 110 10 0
84 MIXIRT 5 0.01 0.9 0.01 110 10 0
84 MIXIRT 10 0.01 0.9 0.01 110 10 0
85 MIXIRT 1 0.01 0.9 0.01 28 3 0
85 MIXIRT 5 0.01 0.9 0.01 28 3 0
85 MIXIRT 10 0.01 0.9 0.01 28 3 0
85 MIXIRT 1 0.01 0.9 0.01 110 10 0
85 MIXIRT 5 0.01 0.9 0.01 110 10 0
85 MIXIRT 10 0.01 0.9 0.01 110 10 0
86 MIXIRT 1 0.01 0.9 0.01 28 3 0
86 MIXIRT 5 0.01 0.9 0.01 28 3 0
86 MIXIRT 10 0.01 0.9 0.01 28 3 0
86 MIXIRT 1 0.01 0.9 0.01 110 10 0
86 MIXIRT 5 0.01 0.9 0.01 110 10 0
86 MIXIRT 10 0.01 0.9 0.01 110 10 0
87 MIXIRT 1 0.01 0.9 0.01 28 3 0
87 MIXIRT 5 0.01 0.9 0.01 28 3 0
87 MIXIRT 10 0.01 0.9 0.01 28 3 0
87 MIXIRT 1 0.01 0.9 0.01 110 10 0
87 MIXIRT 5 0.01 0.9 0.01 110 10 0
87 MIXIRT 10 0.01 0.9 0.01 110 10 0
88 MIXIRT 1 0.01 0.9 0.01 28 3 0
88 MIXIRT 5 0.01 0.9 0.01 28 3 0
88 MIXIRT 10 0.01 0.9 0.01 28 3 0
88 MIXIRT 1 0.01 0.9 0.01 110 10 0
88 MIXIRT 5 0.01 0.9 0.01 110 10 0
88 MIXIRT 10 0.01 0.9 0.01 110 10 0
89 MIXIRT 1 0.01 0.9 0.01 28 3 0
89 MIXIRT 5 0.01 0.9 0.01 28 3 0
89 MIXIRT 10 0.01 0.9 0.01 28 3 0
89 MIXIRT 1 0.01 0.9 0.01 110 10 0
89 MIXIRT 5 0.01 0.9 0.01 110 10 0
89 MIXIRT 10 0.01 0.9 0.01 110 10 0
90 MIXIRT 1 0.01 0.9 0.01 28 3 0
90 MIXIRT 5 0.01 0.9 0.01 28 3 0
90 MIXIRT 10 0.01 0.9 0.01 28 3 0
90 MIXIRT 1 0.01 0.9 0.01 110 10 0
90 MIXIRT 5 0.01 0.9 0.01 110 10 0
90 MIXIRT 10 0.01 0.9 0.01 110 10 0
91 MIXIRT 1 0.01 0.9 0.01 28 3 0
91 MIXIRT 5 0.01 0.9 0.01 28 3 0
91 MIXIRT 10 0.01 0.9 0.01 28 3 0
91 MIXIRT 1 0.01 0.9 0.01 110 10 0
91 MIXIRT 5 0.01 0.9 0.01 110 10 0
91 MIXIRT 10 0.01 0.9 0.01 110 10 0
92 MIXIRT 1 0.01 0.9 0.01 28 3 0
92 MIXIRT 5 0.01 0.9 0.01 28 3 0
92 MIXIRT 10 0.01 0.9 0.01 28 3 0
92 MIXIRT 1 0.01 0.9 0.01 110 10 0
92 MIXIRT 5 0.01 0.9 0.01 110 10 0
92 MIXIRT 10 0.01 0.9 0.01 110 10 0
93 MIXIRT 1 0.01 0.9 0.01 28 3 0
93 MIXIRT 5 0.01 0.9 0.01 28 3 0
93 MIXIRT 10 0.01 0.9 0.01 28 3 0
93 MIXIRT 1 0.01 0.9 0.01 110 10 0
93 MIXIRT 5 0.01 0.9 0.01 110 10 0
93 MIXIRT 10 0.01 0.9 0.01 110 10 0
94 MIXIRT 1 0.01 0.9 0.01 28 3 0
94 MIXIRT 5 0.01 0.9 0.01 28 3 0
94 MIXIRT 10 0.01 0.9 0.01 28 3 0
94 MIXIRT 1 0.01 0.9 0.01 110 10 0
94 MIXIRT 5 0.01 0.9 0.01 110 10 0
94 MIXIRT 10 0.01 0.9 0.01 110 10 0
95 MIXIRT 1 0.01 0.9 0.01 28 3 0
95 MIXIRT 5 0.01 0.9 0.01 28 3 0
95 MIXIRT 10 0.01 0.9 0.01 28 3 0
95 MIXIRT 1 0.01 0.9 0.01 110 10 0
95 MIXIRT 5 0.01 0.9 0.01 110 10 0
95 MIXIRT 10 0.01 0.9 0.01 110 10 0
96 MIXIRT 1 0.01 0.9 0.01 28 3 0
96 MIXIRT 5 0.01 0.9 0.01 28 3 0
96 MIXIRT 10 0.01 0.9 0.01 28 3 0
96 MIXIRT 1 0.01 0.9 0.01 110 10 0
96 MIXIRT 5 0.01 0.9 0.01 110 10 0
96 MIXIRT 10 0.01 0.9 0.01 110 10 0
97 MIXIRT 1 0.01 0.9 0.01 28 3 0
97 MIXIRT 5 0.01 0.9 0.01 28 3 0
97 MIXIRT 10 0.01 0.9 0.01 28 3 0
97 MIXIRT 1 0.01 0.9 0.01 110 10 0
97 MIXIRT 5 0.01 0.9 0.01 110 10 0
97 MIXIRT 10 0.01 0.9 0.01 110 10 0
98 MIXIRT 1 0.01 0.9 0.01 28 3 0
98 MIXIRT 5 0.01 0.9 0.01 28 3 0
98 MIXIRT 10 0.01 0.9 0.01 28 3 0
98 MIXIRT 1 0.01 0.9 0.01 110 10 0
98 MIXIRT 5 0.01 0.9 0.01 110 10 0
98 MIXIRT 10 0.01 0.9 0.01 110 10 0
99 MIXIRT 1 0.01 0.9 0.01 28 3 0
99 MIXIRT 5 0.01 0.9 0.01 28 3 0
99 MIXIRT 10 0.01 0.9 0.01 28 3 0
99 MIXIRT 1 0.01 0.9 0.01 110 10 0
99 MIXIRT 5 0.01 0.9 0.01 110 10 0
99 MIXIRT 10 0.01 0.9 0.01 110 10 0
100 MIXIRT 1 0.01 0.9 0.01 28 3 0
100 MIXIRT 5 0.01 0.9 0.01 28 3 0
100 MIXIRT 10 0.01 0.9 0.01 28 3 0
100 MIXIRT 1 0.01 0.9 0.01 110 10 0
100 MIXIRT 5 0.01 0.9 0.01 110 10 0
100 MIXIRT 10 0.01 0.9 0.01 110 10 0
